

--[[
function tableToString(tbl, indent)
	indent = indent or 0
	local result = "{\n"
	local spacing = string.rep("    ", indent + 1)

	for k, v in pairs(tbl) do
		local keyStr
		if type(k) == "string" then
			keyStr = string.format("[%q]", k)
		else
			keyStr = string.format("[%s]", tostring(k))
		end

		local valueStr
		if type(v) == "table" then
			valueStr = tableToString(v, indent + 1)
		elseif type(v) == "string" then
			valueStr = string.format("%q", v)
		else
			valueStr = tostring(v)
		end

		result = result .. spacing .. keyStr .. " = " .. valueStr .. ",\n"
	end

	result = result .. string.rep("    ", indent) .. "}"
	return result
end
]]

return {
    ["SpikeMace"] = {
        ["CanSell"] = true,
        ["Rarity"] = "Common",
        ["UseWeld"] = {
            [1] = {
                ["Part2"] = "Right Arm",
                ["Part1"] = "Right Arm",
                ["WeldC1"] = 0.0040435791, -0.905999899, -1.20515442, -0.000711311237, 0.00351846172, 0.999993563, -0.999348998, 0.0360681899, -0.000837758009, -0.0360709019, -0.999343157, 0.00349051529,
                ["WeldC2"] = 0, 0, 0, 1, 0, 0, 0, 1, 0, 0, 0, 1,
            },
        },
        ["SellPrice"] = 5,
        ["Desc"] = "A brutal mace covered in deadly spikes for maximum damage.",
        ["Image"] = "rbxassetid://77043465336162",
        ["Name"] = "Spiked Maul",
        ["EquipType"] = "WeaponRight",
        ["Welds"] = {
            [1] = {
                ["Part2"] = "Torso",
                ["Part1"] = "Torso",
                ["WeldC1"] = 0.127807617, 0.264313698, 1.82659912, -0.711182714, -0.703013837, 3.78887606e-08, 0.703013837, -0.711182714, 2.59622333e-08, 8.69395222e-09, 4.50998066e-08, 1,
                ["WeldC2"] = 0, 0, 0, 1, 0, 0, 0, 1, 0, 0, 0, 1,
            },
        },
        ["Damage"] = 3,
    },
    ["DualDivineHammer"] = {
        ["Damage"] = 355,
        ["Image"] = "rbxassetid://79522887514414",
        ["Name"] = "Twin Sacred Mauls",
        ["EquipType"] = "DualWeapon",
        ["UseWeld"] = {
            [1] = {
                ["Part2"] = "Left Arm",
                ["Part1"] = "Left Arm",
                ["WeldC1"] = -0.0698013306, -0.676030874, -2.30159378, -0.970539987, 0, -0.240940496, 0.236775964, 0.185122758, -0.953764498, 0.0446035713, -0.982715428, -0.179669023,
                ["WeldC2"] = 0, 0, 0, 1, 0, 0, 0, 1, 0, 0, 0, 1,
            },
            [2] = {
                ["Part2"] = "Right Arm",
                ["Part1"] = "Right Arm",
                ["WeldC1"] = -0.0753479004, -0.76926589, -2.25840759, -0.937269211, 0, 0.348606437, -0.341828287, 0.19623743, -0.919045329, -0.0684096292, -0.980556428, -0.183927298,
                ["WeldC2"] = 0, 0, 0, 1, 0, 0, 0, 1, 0, 0, 0, 1,
            },
        },
        ["Welds"] = {
            [1] = {
                ["Part2"] = "Torso",
                ["Part1"] = "Torso",
                ["WeldC1"] = 0.797119141, 0.80786562, 1.82104492, -1.73440817e-09, 0.806779444, 0.590852499, -2.33236364e-09, 0.590852499, -0.806779444, -1, -2.77740453e-09, 8.56951621e-10,
                ["WeldC2"] = 0, 0, 0, 1, 0, 0, 0, 1, 0, 0, 0, 1,
            },
        },
        ["Rarity"] = "Mythical",
        ["Desc"] = "A pair of hammers radiating holy energy.",
    },
    ["SlayerScythe2"] = {
        ["CanSell"] = true,
        ["Rarity"] = "Rare",
        ["UseWeld"] = {
            [1] = {
                ["Part2"] = "Right Arm",
                ["Part1"] = "Right Arm",
                ["WeldC1"] = 0, 0, 0, 1, 0, 0, 0, 1, 0, 0, 0, 1,
                ["WeldC2"] = -2.02864337, -1.62688351, 0.000225067139, -0.000692605856, -0.999347925, -0.0360995457, 0.00348746683, 0.0360969305, -0.999341965, 0.999993443, -0.000817984343, 0.00346016791,
            },
        },
        ["SellPrice"] = 8192000000000,
        ["Desc"] = "A scythe crafted for those who harvest souls.",
        ["Image"] = "rbxassetid://75680998941584",
        ["Name"] = "Reaper's Scythe",
        ["EquipType"] = "WeaponRight",
        ["Welds"] = {
            [1] = {
                ["Part2"] = "Torso",
                ["Part1"] = "Torso",
                ["WeldC1"] = 0.855957031, -0.649721384, 1.06170654, 0.722277939, 0.691606939, 7.15904136e-09, -0.691606939, 0.722277939, -5.12454168e-09, -8.71494343e-09, -1.24989641e-09, 1,
                ["WeldC2"] = 0, 0, 0, 1, 0, 0, 0, 1, 0, 0, 0, 1,
            },
        },
        ["Damage"] = 8192000000000,
    },
    ["OzSword2"] = {
        ["CanSell"] = true,
        ["Rarity"] = "Rare",
        ["UseWeld"] = {
            [1] = {
                ["Part2"] = "Right Arm",
                ["Part1"] = "Left Arm",
                ["WeldC1"] = -0.00294494629, -0.906060457, -0.231372833, 1, -7.33334016e-09, 1.16450849e-10, -2.32507347e-10, 3.00369065e-05, 0.999999881, -1.46657158e-08, -1.00000024, 2.25276854e-05,
                ["WeldC2"] = 0, 0, 0, 1, 0, 0, 0, 1, 0, 0, 0, 1,
            },
        },
        ["SellPrice"] = 4000000000,
        ["Desc"] = "A mythical sword glowing with emerald light.",
        ["Image"] = "rbxassetid://101641840130068",
        ["Name"] = "Emerald Blade",
        ["EquipType"] = "WeaponLeft",
        ["Welds"] = {
            [1] = {
                ["Part2"] = "Torso",
                ["Part1"] = "Torso",
                ["WeldC1"] = -1.79333496, 1.20853949, 1.13439941, -1.79357666e-08, 0.818779707, 0.57411176, -4.0914756e-08, -0.574109435, 0.818777978, 1, -8.80317597e-09, 4.37971437e-08,
                ["WeldC2"] = 0, 0, 0, 1, 0, 0, 0, 1, 0, 0, 0, 1,
            },
        },
        ["Damage"] = 4000000000,
    },
    ["ObsidianDualAxe2"] = {
        ["CanSell"] = true,
        ["Rarity"] = "Rare",
        ["UseWeld"] = {
            [1] = {
                ["Part2"] = "Right Arm",
                ["Part1"] = "Left Arm",
                ["WeldC1"] = 0.0040435791, -0.877230644, -1.41866684, -0.000711310888, 0.00351845985, 0.999993563, -0.999348521, 0.036068175, -0.000837758009, -0.036070887, -0.99934268, 0.00349051529,
                ["WeldC2"] = 0, 0, 0, 1, 0, 0, 0, 1, 0, 0, 0, 1,
            },
        },
        ["SellPrice"] = 16000000000,
        ["Desc"] = "Deadly axe forged from volcanic obsidian.",
        ["Image"] = "rbxassetid://132983074010949",
        ["Name"] = "Obsidian Axe",
        ["EquipType"] = "WeaponLeft",
        ["Welds"] = {
            [1] = {
                ["Part2"] = "Torso",
                ["Part1"] = "Torso",
                ["WeldC1"] = -0.233337402, 0.186651945, 1.30841064, 0.719342649, -0.694660842, 7.15903958e-09, 0.694660962, 0.719342649, -5.12454701e-09, -1.58997682e-09, 8.65935323e-09, 1,
                ["WeldC2"] = 0, 0, 0, 1, 0, 0, 0, 1, 0, 0, 0, 1,
            },
        },
        ["Damage"] = 16000000000,
    },
    ["KrakenSword"] = {
        ["Damage"] = 30,
        ["Image"] = "rbxassetid://125428935946887",
        ["Name"] = "Leviathan Blade",
        ["EquipType"] = "WeaponRight",
        ["UseWeld"] = {
            [1] = {
                ["Part2"] = "Right Arm",
                ["Part1"] = "Right Arm",
                ["WeldC1"] = 0.00405883789, -0.955684185, -3.21696472, 1, 3.55271368e-15, 7.10542736e-15, 3.67928835e-15, 0.999839902, 0.0178940445, 7.04071785e-15, -0.0178940445, 0.999839902,
                ["WeldC2"] = 0, 0, 0, 1, 0, 0, 0, 1, 0, 0, 0, 1,
            },
        },
        ["Welds"] = {
            [1] = {
                ["Part2"] = "Torso",
                ["Part1"] = "Torso",
                ["WeldC1"] = 0, -0.0183706284, 1.07214355, 7.15899917e-09, 0.694827437, 0.719177783, -5.1245066e-09, -0.719177783, 0.694827437, 1, -8.65968186e-09, -1.58794378e-09,
                ["WeldC2"] = 0, 0, 0, 1, 0, 0, 0, 1, 0, 0, 0, 1,
            },
        },
        ["Rarity"] = "Legendary",
        ["Desc"] = "A sword imbued with the wrath of the deep sea.",
    },
    ["DualKando"] = {
        ["CanSell"] = true,
        ["Rarity"] = "Common",
        ["UseWeld"] = {
            [1] = {
                ["Part2"] = "Left Arm",
                ["Part1"] = "Left Arm",
                ["WeldC1"] = 0.108596802, -0.905999899, -1.41866684, -0.000711299421, 0.00351846381, 0.999993563, -0.999348879, 0.0360715203, -0.000837758125, -0.036074236, -0.999343038, 0.00349051575,
                ["WeldC2"] = 0, 0, 0, 1, 0, 0, 0, 1, 0, 0, 0, 1,
            },
            [2] = {
                ["Part2"] = "Right Arm",
                ["Part1"] = "Right Arm",
                ["WeldC1"] = -0.00428771973, -0.908094406, -1.409935, -0.000711280562, 0.00351843098, 0.999993563, -0.999348879, 0.0360715277, -0.000837738044, -0.0360742398, -0.999343038, 0.00349048339,
                ["WeldC2"] = 0, 0, 0, 1, 0, 0, 0, 1, 0, 0, 0, 1,
            },
        },
        ["SellPrice"] = 15,
        ["Desc"] = "A pair of sleek and deadly Kando blades.",
        ["Image"] = "rbxassetid://139743378958371",
        ["Name"] = "Twin Kando Blades",
        ["EquipType"] = "DualDagger",
        ["Welds"] = {
            [1] = {
                ["Part2"] = "Torso1",
                ["Part1"] = "Torso",
                ["WeldC1"] = 1.25, -1.31681108, 0.451904297, -1.08059261e-07, -1.54570472e-07, -1.00000048, -0.866025746, -0.500000238, 1.70867324e-07, -0.5, 0.866025329, -7.98322972e-08,
                ["WeldC2"] = 0, 0, 0, 1, 0, 0, 0, 1, 0, 0, 0, 1,
            },
            [2] = {
                ["Part2"] = "Torso2",
                ["Part1"] = "Torso",
                ["WeldC1"] = -1.25, -1.31681073, 0.451904297, -1.26986862e-07, -1.2178694e-07, -1.00000048, -0.866025805, -0.500000298, 1.70867324e-07, -0.50000006, 0.866025388, -4.19771204e-08,
                ["WeldC2"] = 0, 0, 0, 1, 0, 0, 0, 1, 0, 0, 0, 1,
            },
        },
        ["Damage"] = 15,
    },
    ["CrystalScepter"] = {
        ["CanSell"] = true,
        ["Rarity"] = "Common",
        ["UseWeld"] = {
            [1] = {
                ["Part2"] = "Right Arm",
                ["Part1"] = "Right Arm",
                ["WeldC1"] = 0.0040435791, -0.905999899, -1.32555389, -0.000711319619, 0.00351845892, 0.999993563, -0.999349713, 0.0360684395, -0.00083775114, -0.0360707454, -0.999344945, 0.00349052483,
                ["WeldC2"] = 0, 0, 0, 1, 0, 0, 0, 1, 0, 0, 0, 1,
            },
        },
        ["SellPrice"] = 31,
        ["Desc"] = "A scepter radiating with the clarity of a perfect crystal.",
        ["Image"] = "rbxassetid://80447223027385",
        ["Name"] = "Prism Scepter",
        ["EquipType"] = "WeaponRight",
        ["Welds"] = {
            [1] = {
                ["Part2"] = "Torso",
                ["Part1"] = "Torso",
                ["WeldC1"] = -0.260498047, 0.435867548, 1.15460205, 0.73677814, -0.676134765, -9.52411483e-10, 0.676134706, 0.73677814, -9.31322575e-10, -7.01716074e-10, 6.43958498e-10, 1,
                ["WeldC2"] = 0, 0, 0, 1, 0, 0, 0, 1, 0, 0, 0, 1,
            },
        },
        ["Damage"] = 31,
    },
    ["DualOzSword2"] = {
        ["CanSell"] = true,
        ["Rarity"] = "Legendary",
        ["UseWeld"] = {
            [1] = {
                ["Part2"] = "Left Arm",
                ["Part1"] = "Left Arm",
                ["WeldC1"] = -0.0946731567, -1.02098382, -0.0555458069, 1, 4.91143584e-17, 0, 0, 4.64057885e-05, 1, -5.12285526e-17, -1, 4.64057885e-05,
                ["WeldC2"] = 0, 0, 0, 1, 0, 0, 0, 1, 0, 0, 0, 1,
            },
            [2] = {
                ["Part2"] = "Right Arm",
                ["Part1"] = "Right Arm",
                ["WeldC1"] = -0.0554580688, -0.946002722, -0.102657318, 1, -7.53002532e-13, 0, 0, 1.72266464e-05, 1, -7.53002803e-13, -1, 1.72266464e-05,
                ["WeldC2"] = 0, 0, 0, 1, 0, 0, 0, 1, 0, 0, 0, 1,
            },
        },
        ["SellPrice"] = 300000000000,
        ["Desc"] = "Two mythical blades with a mysterious origin.",
        ["Image"] = "rbxassetid://85807681094970",
        ["Name"] = "Twin Oz Blades",
        ["EquipType"] = "DualDagger",
        ["Welds"] = {
            [1] = {
                ["Part2"] = "Torso2",
                ["Part1"] = "Torso",
                ["WeldC1"] = -1.25, -0.626837969, -1.1706543, -1.00000095, -7.99955373e-08, 1.48963906e-07, 1.68385412e-07, -0.391126424, 0.920337319, -1.53588946e-08, 0.920337141, 0.391127288,
                ["WeldC2"] = 0, 0, 0, 1, 0, 0, 0, 1, 0, 0, 0, 1,
            },
            [2] = {
                ["Part2"] = "Torso1",
                ["Part1"] = "Torso",
                ["WeldC1"] = 1.25, -0.626862764, -1.17059326, -1.00000095, -8.50552695e-08, 1.73830855e-07, 1.93250273e-07, -0.391116619, 0.920341492, -1.02914841e-08, 0.920341313, 0.391117603,
                ["WeldC2"] = 0, 0, 0, 1, 0, 0, 0, 1, 0, 0, 0, 1,
            },
        },
        ["Damage"] = 300000000000,
    },
    ["DualRuneSword2"] = {
        ["CanSell"] = true,
        ["Rarity"] = "Legendary",
        ["UseWeld"] = {
            [1] = {
                ["Part2"] = "Left Arm",
                ["Part1"] = "Left Arm",
                ["WeldC1"] = 0.00333404541, -0.906297445, -2.30901718, -0.000711311935, 0.00351846335, 0.999993563, -0.999348998, 0.0360681787, -0.000837758824, -0.0360708944, -0.999343157, 0.00349051692,
                ["WeldC2"] = 0, 0, 0, 1, 0, 0, 0, 1, 0, 0, 0, 1,
            },
            [2] = {
                ["Part2"] = "Right Arm",
                ["Part1"] = "Right Arm",
                ["WeldC1"] = 0.0109405518, -0.906504393, -2.28468704, -0.000711311412, 0.00351846241, 0.999993563, -0.999348998, 0.0360681862, -0.0008377583, -0.0360709019, -0.999343157, 0.00349051622,
                ["WeldC2"] = 0, 0, 0, 1, 0, 0, 0, 1, 0, 0, 0, 1,
            },
        },
        ["SellPrice"] = 19200000000000,
        ["Desc"] = "A pair of swords carved with powerful runes.",
        ["Image"] = "rbxassetid://98191425110495",
        ["Name"] = "Twin Runic Blades",
        ["EquipType"] = "DualWeapon",
        ["Welds"] = {
            [1] = {
                ["Part2"] = "Torso",
                ["Part1"] = "Torso",
                ["WeldC1"] = 0, 0.109024048, 1.01049805, 0.749496222, -0.662010312, -1.73427683e-09, -0.662010312, -0.749496222, 5.2833156e-16, -1.29983369e-09, 1.14810828e-09, -1,
                ["WeldC2"] = 0, 0, 0, 1, 0, 0, 0, 1, 0, 0, 0, 1,
            },
        },
        ["Damage"] = 19200000000000,
    },
    ["TrollSlayer"] = {
        ["CanSell"] = true,
        ["Rarity"] = "Rare",
        ["UseWeld"] = {
            [1] = {
                ["Part2"] = "Right Arm",
                ["Part1"] = "Right Arm",
                ["WeldC1"] = 0.0040435791, -0.905999899, -2.11860657, -0.000711311237, 0.00351846172, 0.999993563, -0.999348998, 0.0360681899, -0.000837758009, -0.0360709019, -0.999343157, 0.00349051529,
                ["WeldC2"] = 0, 0, 0, 1, 0, 0, 0, 1, 0, 0, 0, 1,
            },
        },
        ["SellPrice"] = 25000,
        ["Desc"] = "A weapon designed specifically to bring down trolls.",
        ["Image"] = "rbxassetid://97041040331116",
        ["Name"] = "Troll Bane",
        ["EquipType"] = "WeaponRight",
        ["Welds"] = {
            [1] = {
                ["Part2"] = "Torso",
                ["Part1"] = "Torso",
                ["WeldC1"] = -0.000793457031, -0.000906944275, 0.99005127, -0.759900272, -0.650039673, 3.57056429e-08, 0.650039673, -0.759900331, 1.30737146e-08, 1.86343012e-08, 3.31448042e-08, 1,
                ["WeldC2"] = 0, 0, 0, 1, 0, 0, 0, 1, 0, 0, 0, 1,
            },
        },
        ["Damage"] = 25000,
    },
    ["DualSteelNaginata"] = {
        ["CanSell"] = true,
        ["Rarity"] = "Common",
        ["UseWeld"] = {
            [1] = {
                ["Part2"] = "Left Arm",
                ["Part1"] = "Left Arm",
                ["WeldC1"] = -0.0551605225, -0.900096893, -2.19364548, -0.000711311237, 0.00351846172, 0.999993563, -0.999348998, 0.0360681862, -0.000837758067, -0.0360709019, -0.999343157, 0.00349051529,
                ["WeldC2"] = 0, 0, 0, 1, 0, 0, 0, 1, 0, 0, 0, 1,
            },
            [2] = {
                ["Part2"] = "Right Arm",
                ["Part1"] = "Right Arm",
                ["WeldC1"] = -0.0239944458, -0.901100159, -2.49510193, -0.000711311121, 0.00351846148, 0.999993563, -0.999348998, 0.0360681713, -0.000837757892, -0.036070887, -0.999343157, 0.00349051529,
                ["WeldC2"] = 0, 0, 0, 1, 0, 0, 0, 1, 0, 0, 0, 1,
            },
        },
        ["SellPrice"] = 125,
        ["Desc"] = "Two long weapons ideal for sweeping attacks.",
        ["Image"] = "rbxassetid://84315814583606",
        ["Name"] = "Twin Iron Naginatas",
        ["EquipType"] = "DualWeapon",
        ["Welds"] = {
            [1] = {
                ["Part2"] = "Torso",
                ["Part1"] = "Torso",
                ["WeldC1"] = 0.0450439453, 0.0915100574, 1.75268555, -0.642789543, 0.766046524, 1.73426495e-09, -0.766046524, -0.642789543, -3.64288711e-15, 1.11475906e-09, -1.32854006e-09, 1,
                ["WeldC2"] = 0, 0, 0, 1, 0, 0, 0, 1, 0, 0, 0, 1,
            },
        },
        ["Damage"] = 125,
    },
    ["DualBoneMace"] = {
        ["CanSell"] = true,
        ["Rarity"] = "Common",
        ["UseWeld"] = {
            [1] = {
                ["Part2"] = "Left Arm",
                ["Part1"] = "Left Arm",
                ["WeldC1"] = -0.059967041, -0.905999899, -1.41866684, -1, 0, 0, 0, 0, -1, 0, -1, 0,
                ["WeldC2"] = 0, 0, 0, 1, 0, 0, 0, 1, 0, 0, 0, 1,
            },
            [2] = {
                ["Part2"] = "Right Arm",
                ["Part1"] = "Right Arm",
                ["WeldC1"] = 0.0040435791, -0.905999899, -1.41866684, -1, -7.33313215e-08, -4.95118719e-08, 3.79109011e-08, 1.29472851e-15, -0.999999881, 1.01514225e-07, -0.999999881, 2.41777995e-15,
                ["WeldC2"] = 0, 0, 0, 1, 0, 0, 0, 1, 0, 0, 0, 1,
            },
        },
        ["SellPrice"] = 62,
        ["Desc"] = "Two heavy maces capable of shattering bones with ease.",
        ["Image"] = "rbxassetid://114033546858188",
        ["Name"] = "Twin Bone Crushers",
        ["EquipType"] = "DualDagger",
        ["Welds"] = {
            [1] = {
                ["Part2"] = "Torso1",
                ["Part1"] = "Torso",
                ["WeldC1"] = -1.25, -1.36912525, 0.87298584, 1, 5.70038283e-09, 3.36396191e-08, 3.32770895e-08, -0.380645573, -0.924721003, 5.62868507e-09, 0.924721003, -0.380645573,
                ["WeldC2"] = 0, 0, 0, 1, 0, 0, 0, 1, 0, 0, 0, 1,
            },
            [2] = {
                ["Part2"] = "Torso2",
                ["Part1"] = "Torso",
                ["WeldC1"] = 1.25, -1.36912525, 0.87298584, 1, 1.04860955e-08, 5.78384096e-08, 5.74758801e-08, -0.380645573, -0.924721003, 1.04143965e-08, 0.924721003, -0.380645573,
                ["WeldC2"] = 0, 0, 0, 1, 0, 0, 0, 1, 0, 0, 0, 1,
            },
        },
        ["Damage"] = 62,
    },
    ["EyeSword"] = {
        ["Damage"] = 30,
        ["Image"] = "rbxassetid://76653659127333",
        ["Name"] = "Oculus Blade",
        ["EquipType"] = "WeaponLeft",
        ["UseWeld"] = {
            [1] = {
                ["Part2"] = "Right Arm",
                ["Part1"] = "Left Arm",
                ["WeldC1"] = 0.00406646729, -0.9059484, -2.7159729, -1.00000036, 0, 0, 0, -1.62920728e-07, 1, 0, 1.00000036, 1.62920671e-07,
                ["WeldC2"] = 0, 0, 0, 1, 0, 0, 0, 1, 0, 0, 0, 1,
            },
        },
        ["Welds"] = {
            [1] = {
                ["Part2"] = "Torso",
                ["Part1"] = "Torso",
                ["WeldC1"] = 0, 1.10023355, 1.84143066, -9.72492273e-08, 1.50067123e-07, 1.00000381, -0.535668612, 0.844432831, -1.78814275e-07, -0.844429612, -0.535666585, -1.73432135e-09,
                ["WeldC2"] = 0, 0, 0, 1, 0, 0, 0, 1, 0, 0, 0, 1,
            },
        },
        ["Rarity"] = "Legendary",
        ["Desc"] = "A sword imbued with the power of an all-seeing eye.",
    },
    ["SteelKando"] = {
        ["CanSell"] = true,
        ["Rarity"] = "Common",
        ["UseWeld"] = {
            [1] = {
                ["Part2"] = "Right Arm",
                ["Part1"] = "Left Arm",
                ["WeldC1"] = 0.0040435791, -0.874806881, -1.47987747, -0.000711311062, 0.00351846102, 0.999993563, -0.999348819, 0.0360681787, -0.000837758009, -0.0360708907, -0.999342978, 0.00349051529,
                ["WeldC2"] = 0, 0, 0, 1, 0, 0, 0, 1, 0, 0, 0, 1,
            },
        },
        ["SellPrice"] = 500000,
        ["Desc"] = "A sleek and sharp kando forged from iron.",
        ["Image"] = "rbxassetid://110167113341853",
        ["Name"] = "Iron Kando Blade",
        ["EquipType"] = "WeaponLeft",
        ["Welds"] = {
            [1] = {
                ["Part2"] = "Torso",
                ["Part1"] = "Torso",
                ["WeldC1"] = -0.000305175781, 0.000259399414, 1.0916748, -0.656060517, 0.754710793, -2.58303832e-08, -0.754710793, -0.656060517, 2.35527509e-08, 8.29214364e-10, 3.49463605e-08, 1,
                ["WeldC2"] = 0, 0, 0, 1, 0, 0, 0, 1, 0, 0, 0, 1,
            },
        },
        ["Damage"] = 516103,
    },
    ["DualKrakenSword"] = {
        ["Damage"] = 355,
        ["Image"] = "rbxassetid://81834120978660",
        ["Name"] = "Twin Leviathan Blades",
        ["EquipType"] = "DualWeapon",
        ["UseWeld"] = {
            [1] = {
                ["Part2"] = "Left Arm",
                ["Part1"] = "Left Arm",
                ["WeldC1"] = 0.0426712036, -1.01838481, -3.05446243, -1, 0, 0, 0, -0.999851644, 0.0172255486, 0, 0.0172255486, 0.999851644,
                ["WeldC2"] = 0, 0, 0, 1, 0, 0, 0, 1, 0, 0, 0, 1,
            },
            [2] = {
                ["Part2"] = "Right Arm",
                ["Part1"] = "Right Arm",
                ["WeldC1"] = 0.0119552612, -0.939030647, -3.02274323, -1, 6.63469457e-09, -1.14259519e-10, 6.63567912e-09, -0.999851704, 0.0172179062, 1.01724185e-14, 0.0172179025, 0.999851644,
                ["WeldC2"] = 0, 0, 0, 1, 0, 0, 0, 1, 0, 0, 0, 1,
            },
        },
        ["Welds"] = {
            [1] = {
                ["Part2"] = "Torso",
                ["Part1"] = "Torso",
                ["WeldC1"] = -0.00463867188, 0.120939255, 1.01678467, 1.73426273e-09, 0.694827497, 0.719177783, -1.16001696e-14, -0.719177783, 0.694827497, 1, -1.2050213e-09, -1.24724531e-09,
                ["WeldC2"] = 0, 0, 0, 1, 0, 0, 0, 1, 0, 0, 0, 1,
            },
        },
        ["Rarity"] = "Mythical",
        ["Desc"] = "A pair of swords shaped by the power of the sea.",
    },
    ["DualGreatSaber"] = {
        ["CanSell"] = true,
        ["Rarity"] = "Common",
        ["UseWeld"] = {
            [1] = {
                ["Part2"] = "Left Arm",
                ["Part1"] = "Left Arm",
                ["WeldC1"] = -0.022857666, -0.690695763, -1.64580536, -0.000711313391, 0.00351847336, 0.999993563, -0.999351859, 0.0360682905, -0.000837758067, -0.0360709988, -0.999346018, 0.00349051529,
                ["WeldC2"] = 0, 0, 0, 1, 0, 0, 0, 1, 0, 0, 0, 1,
            },
            [2] = {
                ["Part2"] = "Right Arm",
                ["Part1"] = "Right Arm",
                ["WeldC1"] = -0.0125198364, -0.732292414, -1.61941147, -0.000711312285, 0.0035184673, 0.999993563, -0.999350429, 0.0360682346, -0.000837758009, -0.0360709466, -0.999344587, 0.00349051529,
                ["WeldC2"] = 0, 0, 0, 1, 0, 0, 0, 1, 0, 0, 0, 1,
            },
        },
        ["SellPrice"] = 66000000,
        ["Desc"] = "A set of heavy sabers built for strength and precision.",
        ["Image"] = "rbxassetid://119375723210709",
        ["Name"] = "Twin Colossal Sabers",
        ["EquipType"] = "DualWeapon",
        ["Welds"] = {
            [1] = {
                ["Part2"] = "Torso",
                ["Part1"] = "Torso",
                ["WeldC1"] = 0.0121459961, 0.245517731, 1.28857422, 0.669130743, -0.743145168, -1.73426573e-09, -0.743145168, -0.669130743, 7.90853995e-15, -1.16045629e-09, 1.28880584e-09, -1,
                ["WeldC2"] = 0, 0, 0, 1, 0, 0, 0, 1, 0, 0, 0, 1,
            },
        },
        ["Damage"] = 66000000,
    },
    ["DualDivineAxe2"] = {
        ["CanSell"] = true,
        ["Rarity"] = "Rare",
        ["UseWeld"] = {
            [1] = {
                ["Part2"] = "Left Arm",
                ["Part1"] = "Left Arm",
                ["WeldC1"] = 0.0376434326, -0.905999899, -0.714763641, -0.999928594, 0.0119566098, 0, 0, 0, -1, -0.0119566098, -0.999928594, 0,
                ["WeldC2"] = 0, 0, 0, 1, 0, 0, 0, 1, 0, 0, 0, 1,
            },
            [2] = {
                ["Part2"] = "Right Arm",
                ["Part1"] = "Right Arm",
                ["WeldC1"] = 0.0477600098, -0.906015158, -0.698425293, -0.999217391, 0.0395563245, 0, 0, 0, -1, -0.0395563245, -0.999217391, 0,
                ["WeldC2"] = 0, 0, 0, 1, 0, 0, 0, 1, 0, 0, 0, 1,
            },
        },
        ["SellPrice"] = 128000000000,
        ["Desc"] = "A pair of axes blessed with divine power.",
        ["Image"] = "rbxassetid://108802645426147",
        ["Name"] = "Twin Sacred Axes",
        ["EquipType"] = "DualDagger",
        ["Welds"] = {
            [1] = {
                ["Part2"] = "Torso1",
                ["Part1"] = "Torso",
                ["WeldC1"] = 1.25939941, -1.32550132, 0.464782715, 1, -5.81643747e-08, -2.31221293e-07, -2.38418494e-07, -0.251000941, -0.967986822, -1.73441439e-09, 0.967986822, -0.251000941,
                ["WeldC2"] = 0, 0, 0, 1, 0, 0, 0, 1, 0, 0, 0, 1,
            },
            [2] = {
                ["Part2"] = "Torso2",
                ["Part1"] = "Torso",
                ["WeldC1"] = -1.25933838, -1.32550073, 0.464782715, 1, -5.81643747e-08, -2.31221293e-07, -2.38418494e-07, -0.251000941, -0.967986822, -1.73441439e-09, 0.967986822, -0.251000941,
                ["WeldC2"] = 0, 0, 0, 1, 0, 0, 0, 1, 0, 0, 0, 1,
            },
        },
        ["Damage"] = 128000000000,
    },
    ["MonsterSlayer"] = {
        ["CanSell"] = true,
        ["Rarity"] = "Common",
        ["UseWeld"] = {
            [1] = {
                ["Part2"] = "Right Arm",
                ["Part1"] = "Right Arm",
                ["WeldC1"] = 0.0040435791, -0.905999899, -2.0990448, -0.000711311237, 0.00351846172, 0.999993563, -0.999348998, 0.0360681899, -0.000837758009, -0.0360709019, -0.999343157, 0.00349051529,
                ["WeldC2"] = 0, 0, 0, 1, 0, 0, 0, 1, 0, 0, 0, 1,
            },
        },
        ["SellPrice"] = 250,
        ["Desc"] = "A legendary weapon used to defeat monstrous creatures.",
        ["Image"] = "rbxassetid://109231231340988",
        ["Name"] = "Beast Bane",
        ["EquipType"] = "WeaponRight",
        ["Welds"] = {
            [1] = {
                ["Part2"] = "Torso",
                ["Part1"] = "Torso",
                ["WeldC1"] = 0, 1.90734863e-06, 1.14898682, -0.683466792, -0.729988158, 7.15902715e-09, 0.729988158, -0.683466792, -5.12452925e-09, 8.63370886e-09, 1.72354908e-09, 1,
                ["WeldC2"] = 0, 0, 0, 1, 0, 0, 0, 1, 0, 0, 0, 1,
            },
        },
        ["Damage"] = 251,
    },
    ["CrimsonScythe"] = {
        ["Rarity"] = "Exclusive",
        ["UseWeld"] = {
            [1] = {
                ["Part2"] = "Right Arm",
                ["Part1"] = "Right Arm",
                ["WeldC1"] = 0, 0, 0, 1, 0, 0, 0, 1, 0, 0, 0, 1,
                ["WeldC2"] = -0.0040435791, -1.26278687, 1.62941051, 0.999999762, 0, 0, 0, 0, -0.999999762, 0, 1, 0,
            },
        },
        ["Desc"] = "A scythe dyed in the color of blood, perfect for harvesting.",
        ["Welds"] = {
            [1] = {
                ["Part2"] = "Torso",
                ["Part1"] = "Torso",
                ["WeldC1"] = 0.438842773, -0.266046286, 1.18469238, -9.52411483e-10, 0.740668714, -0.67187041, 0, 0.67187041, 0.740668714, 1, -7.05421388e-10, 6.3989708e-10,
                ["WeldC2"] = 0, 0, 0, 1, 0, 0, 0, 1, 0, 0, 0, 1,
            },
        },
        ["Image"] = "rbxassetid://122922716545499",
        ["Name"] = "Scarlet Reaper",
        ["EquipType"] = "WeaponRight",
        ["CantEquip"] = true,
        ["VisualEquip"] = true,
        ["ScaleDamage"] = true,
        ["Damage"] = 3,
    },
    ["BloodStaff2"] = {
        ["CanSell"] = true,
        ["Rarity"] = "Rare",
        ["UseWeld"] = {
            [1] = {
                ["Part2"] = "Right Arm",
                ["Part1"] = "Right Arm",
                ["WeldC1"] = 0.0040435791, -0.92100215, -1.01078415, -1.5985759e-16, 3.55271368e-15, 1, -0.999999821, 6.98759737e-24, 1.5985759e-16, 6.98759737e-24, -0.999999821, -3.55271368e-15,
                ["WeldC2"] = 0, 0, 0, 1, 0, 0, 0, 1, 0, 0, 0, 1,
            },
        },
        ["SellPrice"] = 256000000000,
        ["Desc"] = "A staff pulsing with life and blood energy.",
        ["Image"] = "rbxassetid://115375932319331",
        ["Name"] = "Crimson Rod",
        ["EquipType"] = "WeaponRight",
        ["Welds"] = {
            [1] = {
                ["Part2"] = "Torso",
                ["Part1"] = "Torso",
                ["WeldC1"] = 0.173461914, 0.0712938309, 1.15985107, 0.701824605, 0.712349772, -3.20902096e-08, -0.712349772, 0.701824605, -3.06777288e-08, -6.68425926e-10, 4.30329372e-08, 1,
                ["WeldC2"] = 0, 0, 0, 1, 0, 0, 0, 1, 0, 0, 0, 1,
            },
        },
        ["Damage"] = 256000000000,
    },
    ["SteelScythe"] = {
        ["CanSell"] = true,
        ["Rarity"] = "Rare",
        ["UseWeld"] = {
            [1] = {
                ["Part2"] = "Right Arm",
                ["Part1"] = "Right Arm",
                ["WeldC1"] = 0, 0, 0, 1, 0, 0, 0, 1, 0, 0, 0, 1,
                ["WeldC2"] = -2.22355366, -1.22717285, -0.00130462646, -0.000692605856, -0.999347925, -0.0360995457, 0.00348746683, 0.0360969305, -0.999341965, 0.999993443, -0.000817984343, 0.00346016791,
            },
        },
        ["SellPrice"] = 70000000,
        ["Desc"] = "A durable scythe forged from strong iron.",
        ["Image"] = "rbxassetid://78222396302451",
        ["Name"] = "Iron Scythe",
        ["EquipType"] = "WeaponRight",
        ["Welds"] = {
            [1] = {
                ["Part2"] = "Torso",
                ["Part1"] = "Torso",
                ["WeldC1"] = 0.968322754, -0.752084732, 0.871398926, 0.678961217, 0.734174132, 5.76231294e-08, -0.734174132, 0.678961217, 7.19889854e-08, 1.37285783e-08, -9.11831464e-08, 1,
                ["WeldC2"] = 0, 0, 0, 1, 0, 0, 0, 1, 0, 0, 0, 1,
            },
        },
        ["Damage"] = 70000000,
    },
    ["DualBasicStaffs"] = {
        ["CanSell"] = true,
        ["Rarity"] = "Common",
        ["UseWeld"] = {
            [1] = {
                ["Part2"] = "Left Arm",
                ["Part1"] = "Left Arm",
                ["WeldC1"] = -0.0309066772, -0.857431889, -0.816127777, -0.000711385976, 0.00351848523, 0.999993563, -0.999346852, 0.0360681191, -0.000837733969, -0.0360708274, -0.999341011, 0.00349045126,
                ["WeldC2"] = 0, 0, 0, 1, 0, 0, 0, 1, 0, 0, 0, 1,
            },
            [2] = {
                ["Part2"] = "Right Arm",
                ["Part1"] = "Right Arm",
                ["WeldC1"] = -0.0272979736, -0.833772659, -1.41866684, -0.000711334986, 0.00351848197, 0.999993563, -0.999347925, 0.0360681564, -0.000837732689, -0.0360708684, -0.999342084, 0.00349049224,
                ["WeldC2"] = 0, 0, 0, 1, 0, 0, 0, 1, 0, 0, 0, 1,
            },
        },
        ["SellPrice"] = 500,
        ["Desc"] = "A pair of basic wands for beginner spellcasters.",
        ["Image"] = "rbxassetid://89839398298916",
        ["Name"] = "Twin Simple Wands",
        ["EquipType"] = "DualWeapon",
        ["Welds"] = {
            [1] = {
                ["Part2"] = "Torso",
                ["Part1"] = "Torso",
                ["WeldC1"] = -0.125366211, 0.0911517143, 1.13311768, 0.713250458, -0.700909257, 2.77804837e-08, 0.700909257, 0.713250458, -3.11771693e-08, -2.03792405e-09, 4.5714053e-08, 1,
                ["WeldC2"] = 0, 0, 0, 1, 0, 0, 0, 1, 0, 0, 0, 1,
            },
        },
        ["Damage"] = 503,
    },
    ["DualDivineBattleAxe"] = {
        ["Damage"] = 30,
        ["Image"] = "rbxassetid://71618282682438",
        ["Name"] = "Twin Holy War Axes",
        ["EquipType"] = "DualWeapon",
        ["UseWeld"] = {
            [1] = {
                ["Part2"] = "Left Arm",
                ["Part1"] = "Left Arm",
                ["WeldC1"] = -0.0664215088, -0.602067709, -1.59674072, -0.99962455, -0.027078433, 0.00419278629, -0.00745587982, 0.121554382, -0.99255687, 0.0263672322, -0.992215335, -0.121710643,
                ["WeldC2"] = 0, 0, 0, 1, 0, 0, 0, 1, 0, 0, 0, 1,
            },
            [2] = {
                ["Part2"] = "Right Arm",
                ["Part1"] = "Right Arm",
                ["WeldC1"] = 0.0040435791, -0.635673046, -1.41866684, -0.999624133, -0.0270916317, 0.00419167709, -0.0074562151, 0.121547833, -0.992556989, 0.0263805185, -0.992215335, -0.121704146,
                ["WeldC2"] = 0, 0, 0, 1, 0, 0, 0, 1, 0, 0, 0, 1,
            },
        },
        ["Welds"] = {
            [1] = {
                ["Part2"] = "Torso",
                ["Part1"] = "Torso",
                ["WeldC1"] = -2.16369629, 1.34297848, 1.42138672, -6.13243714e-08, -0.707106888, 0.70710659, -1.04437767e-07, -0.70710659, -0.707106888, 1, -1.17211513e-07, -3.04857899e-08,
                ["WeldC2"] = 0, 0, 0, 1, 0, 0, 0, 1, 0, 0, 0, 1,
            },
        },
        ["Rarity"] = "Legendary",
        ["Desc"] = "Twin axes forged in celestial flames, perfect for holy warriors.",
    },
    ["PirateSaber"] = {
        ["CanSell"] = true,
        ["Rarity"] = "Common",
        ["UseWeld"] = {
            [1] = {
                ["Part2"] = "Right Arm",
                ["Part1"] = "Right Arm",
                ["WeldC1"] = 0.0040435791, -0.905999899, -1.15156555, -0.000711311237, 0.00351846172, 0.999993563, -0.999348998, 0.0360681862, -0.000837758067, -0.0360709019, -0.999343157, 0.00349051529,
                ["WeldC2"] = 0, 0, 0, 1, 0, 0, 0, 1, 0, 0, 0, 1,
            },
        },
        ["SellPrice"] = 1000,
        ["Desc"] = "A saber favored by notorious pirates.",
        ["Image"] = "rbxassetid://71096268010342",
        ["Name"] = "Corsair Blade",
        ["EquipType"] = "WeaponRight",
        ["Welds"] = {
            [1] = {
                ["Part2"] = "Torso",
                ["Part1"] = "Torso",
                ["WeldC1"] = 0.141967773, 0.24094367, 0.862426758, 0.743145347, -0.669131458, 6.57881074e-08, -0.669131458, -0.743145347, -4.45108803e-08, 7.86736081e-08, -1.09428218e-08, -1,
                ["WeldC2"] = 0, 0, 0, 1, 0, 0, 0, 1, 0, 0, 0, 1,
            },
        },
        ["Damage"] = 1007,
    },
    ["SteelButterfly"] = {
        ["CanSell"] = true,
        ["Rarity"] = "Common",
        ["UseWeld"] = {
            [1] = {
                ["Part2"] = "Right Arm",
                ["Part1"] = "Left Arm",
                ["WeldC1"] = 0.0040435791, -0.905999899, -0.876110077, -0.000711311237, 0.00351846172, 0.999993563, -0.999348998, 0.0360681899, -0.000837758009, -0.0360709019, -0.999343157, 0.00349051529,
                ["WeldC2"] = 0, 0, 0, 1, 0, 0, 0, 1, 0, 0, 0, 1,
            },
        },
        ["SellPrice"] = 120000,
        ["Desc"] = "A light and sharp blade inspired by the wings of a butterfly.",
        ["Image"] = "rbxassetid://83531574878225",
        ["Name"] = "Iron Wingblade",
        ["EquipType"] = "WeaponLeft",
        ["Welds"] = {
            [1] = {
                ["Part2"] = "Torso",
                ["Part1"] = "Torso",
                ["WeldC1"] = -0.174621582, 0.541128397, 0.914245605, -0.629542708, 0.776968122, -2.68032796e-08, -0.776968122, -0.629542708, 2.23936176e-08, 5.25313126e-10, 3.49229161e-08, 1,
                ["WeldC2"] = 0, 0, 0, 1, 0, 0, 0, 1, 0, 0, 0, 1,
            },
        },
        ["Damage"] = 129025,
    },
    ["MixedBattleAxe"] = {
        ["CanSell"] = true,
        ["Rarity"] = "Common",
        ["UseWeld"] = {
            [1] = {
                ["Part2"] = "Right Arm",
                ["Part1"] = "Left Arm",
                ["WeldC1"] = -0.0813903809, -0.906740427, -1.25749207, -0.000711267174, 0.00351822306, 0.999993563, -0.999348998, 0.0360680073, -0.000837704807, -0.0360707231, -0.999343157, 0.0034902785,
                ["WeldC2"] = 0, 0, 0, 1, 0, 0, 0, 1, 0, 0, 0, 1,
            },
        },
        ["SellPrice"] = 2000,
        ["Desc"] = "An axe combining styles for maximum versatility in battle.",
        ["Image"] = "rbxassetid://80518521831571",
        ["Name"] = "Hybrid War Axe",
        ["EquipType"] = "WeaponLeft",
        ["Welds"] = {
            [1] = {
                ["Part2"] = "Torso",
                ["Part1"] = "Torso",
                ["WeldC1"] = -0.124816895, 0.178305626, 0.870666504, 0.647735298, -0.761865497, -2.03437438e-07, 0.761865497, 0.647735298, 1.15248149e-07, 4.39700152e-08, -2.29642254e-07, 1,
                ["WeldC2"] = 0, 0, 0, 1, 0, 0, 0, 1, 0, 0, 0, 1,
            },
        },
        ["Damage"] = 2015,
    },
    ["BasicStaff"] = {
        ["CanSell"] = true,
        ["Rarity"] = "Rare",
        ["UseWeld"] = {
            [1] = {
                ["Part2"] = "Right Arm",
                ["Part1"] = "Left Arm",
                ["WeldC1"] = 0.00197601318, -0.835325241, -0.753353119, -0.000711311237, 0.00351846172, 0.999993563, -0.999348998, 0.0360681899, -0.000837758009, -0.0360709019, -0.999343157, 0.00349051529,
                ["WeldC2"] = 0, 0, 0, 1, 0, 0, 0, 1, 0, 0, 0, 1,
            },
        },
        ["SellPrice"] = 132000000,
        ["Desc"] = "A basic staff, perfect for novice magic users.",
        ["Image"] = "rbxassetid://73580574365269",
        ["Name"] = "Simple Staff",
        ["EquipType"] = "WeaponLeft",
        ["Welds"] = {
            [1] = {
                ["Part2"] = "Torso",
                ["Part1"] = "Torso",
                ["WeldC1"] = -0.125366211, 0.0911517143, 1.13311768, 0.713250458, -0.700909257, 2.96853067e-08, 0.700909257, 0.713250458, -3.11771693e-08, -6.79308054e-10, 4.43789432e-08, 1,
                ["WeldC2"] = 0, 0, 0, 1, 0, 0, 0, 1, 0, 0, 0, 1,
            },
        },
        ["Damage"] = 132000000,
    },
    ["DualSunGreatAxe"] = {
        ["Damage"] = 30,
        ["Image"] = "rbxassetid://97536310780019",
        ["Name"] = "Twin Solar Axes",
        ["EquipType"] = "DualWeapon",
        ["UseWeld"] = {
            [1] = {
                ["Part2"] = "Left Arm",
                ["Part1"] = "Left Arm",
                ["WeldC1"] = -0.0333862305, -0.945154905, -1.50796127, 0.0360351168, -0.0255040601, 0.999025047, -0.999348998, 0.000837722386, 0.0360681862, -0.00175679079, -0.999674439, -0.0254572686,
                ["WeldC2"] = 0, 0, 0, 1, 0, 0, 0, 1, 0, 0, 0, 1,
            },
            [2] = {
                ["Part2"] = "Right Arm",
                ["Part1"] = "Right Arm",
                ["WeldC1"] = -0.0985870361, -0.900677919, -1.54755402, 0.0360350683, -0.0255092997, 0.999024928, -0.999348998, 0.000837094849, 0.0360681303, -0.00175635132, -0.999674201, -0.0254625287,
                ["WeldC2"] = 0, 0, 0, 1, 0, 0, 0, 1, 0, 0, 0, 1,
            },
        },
        ["Welds"] = {
            [1] = {
                ["Part2"] = "Torso",
                ["Part1"] = "Torso",
                ["WeldC1"] = -0.156555176, 0.362854242, 1.25244141, 0.694659173, -0.719340384, 1.73448089e-09, 0.719340384, 0.694659173, 2.890828e-06, -2.08069036e-06, -2.00688874e-06, 1,
                ["WeldC2"] = 0, 0, 0, 1, 0, 0, 0, 1, 0, 0, 0, 1,
            },
        },
        ["Rarity"] = "Legendary",
        ["Desc"] = "A set of axes shining with the brilliance of the sun.",
    },
    ["DualEnergyGreatSword"] = {
        ["Damage"] = 355,
        ["Image"] = "rbxassetid://130480062598287",
        ["Name"] = "Twin Energy Blades",
        ["EquipType"] = "DualDagger",
        ["UseWeld"] = {
            [1] = {
                ["Part2"] = "Left Arm",
